min_depth=0
max_depth=2000
threshold=128.000000
min_poly_area=50.000000
cloud_res=4
bolt_res=2
spawner_res=2
point_size=2.000000
bolt_min=0.500000
bolt_max=7.000000
bolt_a_min=0.025000
bolt_a_max=0.250000
particle_count=5000
particle_size=4.000000
particle_alpha=0.150000
spawn_level=0.2
min_age=30
max_age=90
spawn_rate=2
draw_logo=1
logo_alpha=1.000000
logo_size=128
draw_bg=1
bg_alpha=0.500000
color_mode=0
