min_depth=0
max_depth=1000
threshold=128.000000
min_poly_area=250.000000
cloud_res=2
bolt_res=2
spawner_res=2
point_size=2.000000
bolt_width=3.000000
bolt_scale=2.000000
bolt_alpha=5.000000
particle_count=5000
particle_size=2.000000
min_age=30
max_age=120
spawn_rate=5
